4.810700852042004705e-01 6.493608377470425630e-01
-5.747438032473062286e-01 6.656071730708983392e-01
5.562322070613607838e-01 5.188674113822322465e-01
-1.236159816929231603e+00 -1.405746822119993134e+00
6.715513490194084945e-01 8.067132462066561871e-02
-7.119284741201286071e-01 1.445684400804763126e-01
5.688877642001279877e-01 -9.515594148517325657e-02
-1.743650378187020955e+00 -1.409140162551905107e+00
-9.210250465216742732e-01 -7.062397867558540820e-01
-6.788434652876795816e-01 -7.724715294828516932e-01
3.312121709405497771e-01 -5.124737129179339767e-01
5.540024829484579971e-01 -8.622370373449559366e-01
4.024500736631408948e-02 3.431097517893431093e-01
4.543488780989561882e-01 -8.558770853887986974e-01
3.756794923874913206e-01 2.754063243802318262e-02
-1.232538164610569975e+00 -1.764575185980904903e+00
1.026813595936350687e+00 1.294266823199134997e+00
-9.570107500595301797e-01 6.571964946674726527e-01
-1.118416255140206594e-01 3.149400923378269379e-01
-1.373839315777458658e-01 -7.880385654046830890e-01
-5.686704557968806917e-01 3.893625923636554464e-01
-7.951450118419747248e-01 -5.425830585645798898e-01
-1.812370834328958846e+00 -1.905819283096738426e+00
5.880320397610283578e-02 4.986005203575041289e-01
-1.355136776650047725e+00 -1.924486562937640421e+00
-3.704492784092807689e-01 -9.039959444124801013e-01
1.959429905947398520e-01 1.657459159147087746e-01
9.190492862477397384e-01 1.823644862035722625e-02
-3.068033577386661825e-01 -7.510197972692729262e-01
-1.493767832573253296e+00 -1.885850008579039727e+00
4.280034543378146150e-01 -5.133491544812107676e-02
-1.761021146776119872e+00 -1.161758598092157868e+00
-5.378684771261219577e-01 3.615924447039382539e-01
-3.519227195114709161e-01 -6.024055979700533303e-01
5.336132402886919479e-01 8.402704229014834603e-02
-1.831023812870571366e-01 7.041871990416657123e-01
-1.791066230335225828e+00 -1.256793147426832569e+00
-7.221219723210459129e-02 -1.244410780806199934e-01
-1.390616987439765584e+00 -1.200999084688309182e+00
1.923779883634784138e+00 1.199992006452882620e+00
